22 18 1.7
22 27 2.5
22 16 1.65
22 23 2.2
22 29 2.61
22 21 5.5
18 22 1.7
18 27 1.57
18 4 3.3
18 21 6.2
27 23 1.5
27 15 5.4
27 22 2.5
27 18 1.57
23 14 1.4
23 15 5.1
23 27 1.5
23 16 2.5
23 22 2.2
16 22 1.65
16 29 2.0
16 23 2.5
16 14 3.6
16 17 2.2
29 21 4.7
29 6 4.2
29 22 2.61
29 16 2.0
29 17 2.65
17 6 4.15
17 29 2.65
17 16 2.2
17 14 4.5
17 30 4.2
17 2 3.35
14 23 1.4
14 16 3.6
14 17 4.5
14 30 2.57
14 10 3.0
14 15 3.8
4 18 3.3
4 21 4.5
4 15 11.0
15 14 3.8
15 23 5.1
15 27 5.4
15 4 11.0
15 1 4.1
30 14 2.57
30 17 4.2
30 2 3.5
30 26 3.65
30 1 7.35
30 10 3.2
10 30 3.2
10 14 3.0
10 19 9.05
21 29 4.7
21 22 5.5
21 18 6.2
21 4 4.5
21 9 4.02
6 17 4.1
6 29 4.2
6 9 4.9
6 3 4.56
6 5 4.01
9 6 4.9
9 21 4.02
9 12 3.01
2 17 3.35
2 30 3.5
2 0 1.95
1 30 7.35
1 15 4.1
1 11 6.5
1 19 6.15
1 28 4.3
28 1 4.3
28 7 4.0
26 30 3.65
26 0 3.01
26 11 2.57
26 19 9.02
0 2 1.95
0 32 5.51
0 26 3.01
11 26 2.57
11 25 3.0
11 1 6.5
19 1 6.15
19 10 9.05
19 26 9.02
19 20 5.57
19 7 4.57
7 28 4.0
7 19 4.57
25 11 3.0
25 32 5.5
25 20 3.01
20 25 3.01
20 19 5.57
32 0 5.51
32 24 5.01
32 25 5.5
24 31 4.2
24 32 5.01
31 8 7.6
31 24 4.2
8 3 3.5
8 31 7.6
8 5 3.45
5 3 2.51
5 8 3.45
5 6 4.01
3 13 6.01
3 8 3.5
3 5 2.51
3 6 4.56
13 3 6.01
13 12 4.2
12 13 4.2
12 9 3.01